[42, 62, 71, 65]
[43, 65, 73, 65]
[45, 58, 75, 66]
[43, 61, 69, 59]
[44, 61, 72, 67]
[41, 67, 75, 68]
[45, 57, 76, 65]
[37, 65, 76, 65]
[44, 62, 73, 65]
[43, 56, 73, 72]
[46, 62, 74, 68]
[39, 64, 65, 64]
[45, 61, 74, 61]
[40, 62, 67, 63]
[45, 60, 74, 65]
[39, 63, 77, 73]
[39, 63, 76, 66]
[43, 62, 75, 64]
[44, 56, 57, 68]
[43, 59, 71, 63]
[45, 61, 79, 69]
[43, 62, 71, 68]
[43, 67, 74, 68]
[42, 69, 73, 71]
[43, 65, 72, 71]
[46, 58, 78, 66]
[41, 64, 77, 65]
[43, 64, 71, 65]
[44, 60, 69, 64]
[41, 69, 75, 68]
