[43, 56, 67, 56]
[40, 55, 62, 55]
[39, 62, 67, 62]
[41, 66, 64, 66]
[41, 60, 66, 60]
[40, 58, 69, 58]
[35, 62, 68, 62]
[42, 59, 72, 59]
[40, 60, 63, 60]
[37, 65, 67, 65]
[44, 59, 60, 59]
[38, 58, 66, 58]
[41, 63, 67, 63]
[44, 62, 66, 62]
[44, 59, 63, 59]
[41, 61, 66, 61]
[40, 58, 66, 58]
[42, 61, 57, 61]
[36, 65, 68, 65]
[42, 59, 68, 59]
[40, 63, 65, 63]
[43, 52, 67, 52]
[38, 61, 63, 61]
[43, 54, 66, 54]
[42, 61, 67, 61]
[36, 59, 64, 59]
[42, 56, 71, 56]
[39, 61, 65, 61]
[38, 62, 64, 62]
[38, 61, 62, 61]
[42, 61, 69, 61]
[41, 62, 63, 62]
[41, 65, 66, 65]
[41, 63, 65, 63]
[41, 59, 60, 59]
[34, 66, 68, 66]
[42, 56, 65, 56]
