[41, 58, 64, 59]
[41, 55, 68, 55]
[36, 59, 66, 59]
[39, 59, 65, 59]
[38, 55, 69, 65]
[36, 55, 65, 51]
[40, 59, 65, 59]
[43, 57, 69, 61]
[39, 52, 59, 58]
[43, 56, 67, 56]
[39, 51, 50, 57]
[38, 55, 66, 61]
[38, 54, 66, 60]
[40, 56, 66, 56]
[41, 53, 67, 61]
[38, 52, 66, 58]
[42, 55, 70, 61]
[39, 53, 63, 57]
[37, 53, 66, 53]
[42, 60, 70, 61]
[38, 53, 65, 55]
[38, 57, 67, 62]
[41, 56, 64, 58]
[43, 57, 69, 57]
[42, 53, 57, 54]
[37, 47, 69, 47]
[38, 56, 67, 56]
[40, 54, 66, 54]
[42, 56, 68, 61]
[41, 50, 67, 61]
